道具一	道具二	道具三	道具四	道具五	道具六	道具七	道具八	道具九	道具十	道具十一	道具十二	道具十三	道具十四	道具十五	道具十六	道具十七	道具十八	道具十九	道具二十	道具二十一	道具二十二	道具二十三	道具二十四	道具二十五	道具二十六	道具二十七	道具二十八	道具二十九	道具三十	道具三十一	道具三十二	道具三十三	道具三十四	道具三十五	道具三十六	道具三十七	道具三十八	道具三十八	道具三十八	道具三十八	道具三十八	
37	38	39	40	47	48	49	50																																			
26	27	28	29	30	31	32	33	34	35																																	
36	37	38	39	40	41	42	43	44	45																																	
46	47	48	49	50	51	52	53	54	55																																	
56	57	58	59	60	61	62	63	64	65																																	
66	67	68	69	70	71	72	73	74	75		217																															
230	2	3	5	6	7	8	10	11	12	13	15	21	22	23	25	458	459	460	461	462	463	464	465	466																		
77	78	79	80	81	87	88	89	90	91																																	
																																										
97	98	99	100	101	107	108	109	110	111																																	
																																										
117	118	119	120	121	127	128	129	130	131																																	
																																										
137	138	139	140	141	147	148	149	150	151																																	
																																										
157	158	159	160	161																																						
167	168	169	170	171	172	173	174	175	176																																	
177	178	179	180	181	182	183	184	185	186																																	
187	188	189	190	191	192	193	194	195	196																																	
197	198	199	200	201	202	203	204	205	206																																	
																																										
230	2	3	6	7	8	11	12	13																																		
4	9		24																																							
255	324	326	258	259	260	261	262	263	342	343	257	381	382	383	384	389	390	391	392	393	394	395	396	397	398	399	400	401	402	403	404	405	406	407	408	254	409	410	411	412	413	
279	280	269	270	271	272	273	274	275	276	277	278	294																														
																																										
249	246	247	248	245	244	243		233	234	235	236	237	238	239	240	241	250	251	252	253	254	255	256	257	258	259	260	261	262	263	231	232	266	267								
279	280	269	270	271	272	273	274	275	276	277	278	294	288	317	318	319	320																									
285	283	282	289	290	291	292	313	314	315	316																																
326																																										
331	332	333	334	335	336	337	338																																			
269	270	271	272	273	274	275	276	277	278																																	
479	480	481	482	483	484	485	486	487	488	489	490																															
495	496	497	498	499	500	501	502	503	504	505	506	507	508	509	516																											
																																										
																																										
																																										
																																										
																																										
																																										
																																										
																																										
																																										
																																										
																																										
																																										
																																										
																																										
																																										
																																										
																																										
																																										
																																										
																																										
																																										
																																										
																																										
																																										
																																										
																																										
																																										
																																										
																																										
																																										
																																										
																																										
																																										
																																										
																																										
																																										
																																										
																																										
																																										
																																										
																																										
																																										
																																										
																																										
																																										
																																										
																																										
																																										
																																										
																																										
																																										
																																										
																																										
																																										
																																										
																																										
																																										
																																										
																																										
																																										
																																										
																																										
477	416	417	418	419	420	421	422	493	494	510	511	515	517	518	519	520																										
467	468	469	470	471	492	477	472	473	416	417	418	419	420	421	422	475	491	493																								
472	473	416	417	418	419	420	421	422	475	477	467	468	469	470	471																											
451	452	453	415	416	417	418	419	420	421	422	423	424	425	426	427	428	429	430	431	432	433	434	435	436	437	438	439	440	441	442	443	444	445	446	447	448	449	450	454	455	456	457
