µÈ¼¶	chuyensinh0	chuyensinh1	chuyensinh2	chuyensinh3	chuyensinh4	chuyensinh5
1	4	100	100	48	96	96
2	23	500	500	240	480	480
3	52	1100	1100	528	1056	1056
4	90	1900	1900	912	1824	1824
5	138	2900	2900	1392	2784	2784
6	195	4100	4100	1968	3936	3936
7	261	5500	5500	2640	5280	5280
8	338	7100	7100	3408	6816	6816
9	423	8900	8900	4272	8544	8544
10	519	10900	10900	5232	10464	10464
11	623	13100	13100	6288	12576	12576
12	747	15700	15700	7536	15072	15072
13	890	18700	18700	8976	17952	17952
14	1052	22100	22100	10608	21216	21216
15	1233	25900	25900	12432	24864	24864
16	1433	30100	30100	14448	28896	28896
17	1652	34700	34700	16656	33312	33312
18	1890	39700	39700	19056	38112	38112
19	2147	45100	45100	21648	43296	43296
20	2423	50900	50900	24432	48864	48864
21	2719	57100	57100	27408	54816	54816
22	3042	63900	63900	30672	61344	61344
23	3395	71300	71300	34224	68448	68448
24	3776	79300	79300	38064	76128	76128
25	4185	87900	87900	42192	84384	84384
26	4623	97100	97100	46608	93216	93216
27	5090	106900	106900	51312	102624	102624
28	5585	117300	117300	56304	112608	112608
29	6109	128300	128300	61584	123168	123168
30	6661	139900	139900	67152	134304	134304
31	7242	152100	152100	73008	146016	146016
32	7876	165400	165400	79392	158784	158784
33	8561	179800	179800	86304	172608	172608
34	9300	195300	195300	93744	187488	187488
35	10090	211900	211900	101712	203424	203424
36	10933	229600	229600	110208	220416	220416
37	11828	248400	248400	119232	238464	238464
38	12776	268300	268300	128784	257568	257568
39	13776	289300	289300	138864	277728	277728
40	44485	311400	311400	149472	298944	298944
41	47800	334600	334600	160608	321216	321216
42	51485	360400	360400	172992	345984	345984
43	55542	388800	388800	186624	373248	373248
44	59971	419800	419800	201504	403008	403008
45	64771	453400	453400	217632	435264	435264
46	69942	489600	489600	235008	470016	470016
47	75485	528400	528400	253632	507264	507264
48	81400	569800	569800	273504	547008	547008
49	87685	613800	613800	294624	589248	589248
50	94342	660400	660400	316992	633984	633984
51	101371	709600	709600	340608	681216	681216
52	109428	766000	766000	367680	735360	735360
53	118514	829600	829600	398208	796416	796416
54	128628	900400	900400	432192	864384	864384
55	139771	978400	978400	469632	939264	939264
56	151942	1063600	1063600	510528	1021056	1021056
57	165142	1156000	1156000	554880	1109760	1109760
58	179371	1255600	1255600	602688	1205376	1205376
59	194628	1362400	1362400	653952	1307904	1307904
60	210914	1476400	1476400	708672	1417344	1417344
61	228228	1597600	1597600	766848	1533696	1533696
62	248314	1738200	1738200	834336	1668672	1668672
63	271171	1898200	1898200	902496	1804992	1804992
64	296800	2077600	2077600	997248	1994496	1994496
65	325200	2276400	2276400	1092672	2185344	2185344
66	356371	2494600	2494600	1197408	2394816	2394816
67	390314	2732200	2732200	1311456	2622912	2622912
68	427028	2989200	2989200	1434816	2869632	2869632
69	466514	3265600	3265600	1567488	3134976	3134976
70	508771	3561400	3561400	1709472	3418944	3418944
71	553800	3876600	3876600	1860768	3721536	3721536
72	605742	4240200	4240200	2035296	4070592	4070592
73	664600	4652200	4652200	2233056	4466112	4466112
74	730371	5112600	5112600	2454048	4908096	4908096
75	803057	5621400	5621400	2698272	5396544	5396544
76	882657	6178600	6178600	2965728	5931456	5931456
77	969171	6784200	6784200	3256416	6512832	6512832
78	1062600	7438200	7438200	3570336	7140672	7140672
79	1162942	8140600	8140600	3907488	7814976	7814976
80	8891400	8891400	8891400	4267872	8535744	8535744
81	9690600	9690600	9690600	4651488	9302976	9302976
82	10600800	10600800	10600800	5088384	10176768	10176768
83	11622000	11622000	11622000	5578560	11157120	11157120
84	12754200	12754200	12754200	6122016	12244032	12244032
85	13997400	13997400	13997400	6718752	13437504	13437504
86	15351600	15351600	15351600	7368768	14737536	14737536
87	16816800	16816800	16816800	8072064	16144128	16144128
88	18393000	18393000	18393000	8828640	17657280	17657280
89	20080200	20080200	20080200	9638496	19276992	19276992
90	65635200	21878400	21878400	10501632	21003264	21003264
91	71362800	23787600	23787600	11418048	22836096	22836096
92	77799000	25933000	25933000	12447840	24895680	24895680
93	84943800	28314600	28314600	13591008	27182016	27182016
94	92797200	30932400	30932400	14847552	29695104	29695104
95	101359200	33786400	33786400	16217472	32434944	32434944
96	110629800	36876600	36876600	17700768	35401536	35401536
97	120609000	40203000	40203000	19297440	38594880	38594880
98	131296800	43765600	43765600	21007488	42014976	42014976
99	142693200	47564400	47564400	22830912	45661824	45661824
100	150000000	50000000	50000000	24000000	48000000	48000000
101	150000000	50000000	50000000	24000000	48000000	48000000
102	150000000	50000000	50000000	24000000	48000000	48000000
103	150000000	50000000	50000000	24000000	48000000	48000000
104	150000000	50000000	50000000	24000000	48000000	48000000
105	150000000	50000000	50000000	24000000	48000000	48000000
106	150000000	50000000	50000000	24000000	48000000	48000000
107	150000000	50000000	50000000	24000000	48000000	48000000
108	150000000	50000000	50000000	24000000	48000000	48000000
109	150000000	50000000	50000000	24000000	48000000	48000000
110	180000000	60000000	60000000	28800000	57600000	57600000
111	180000000	60000000	60000000	28800000	57600000	57600000
112	180000000	60000000	60000000	28800000	57600000	57600000
113	180000000	60000000	60000000	28800000	57600000	57600000
114	180000000	60000000	60000000	28800000	57600000	57600000
115	180000000	60000000	60000000	28800000	57600000	57600000
116	180000000	60000000	60000000	28800000	57600000	57600000
117	180000000	60000000	60000000	28800000	57600000	57600000
118	180000000	60000000	60000000	28800000	57600000	57600000
119	180000000	60000000	60000000	28800000	57600000	57600000
120	300000000	100000000	100000000	48000000	96000000	96000000
121	300000000	100000000	100000000	48000000	96000000	96000000
122	300000000	100000000	100000000	48000000	96000000	96000000
123	300000000	100000000	100000000	48000000	96000000	96000000
124	300000000	100000000	100000000	48000000	96000000	96000000
125	360000000	120000000	120000000	57600000	115200000	115200000
126	360000000	120000000	120000000	57600000	115200000	115200000
127	360000000	120000000	120000000	57600000	115200000	115200000
128	360000000	120000000	120000000	57600000	115200000	115200000
129	360000000	120000000	120000000	57600000	115200000	115200000
130	480000000	160000000	160000000	76800000	153600000	153600000
131	480000000	160000000	160000000	76800000	153600000	153600000
132	480000000	160000000	160000000	76800000	153600000	153600000
133	480000000	160000000	160000000	76800000	153600000	153600000
134	480000000	160000000	160000000	76800000	153600000	153600000
135	600000000	200000000	200000000	96000000	192000000	192000000
136	600000000	200000000	200000000	96000000	192000000	192000000
137	600000000	200000000	200000000	96000000	192000000	192000000
138	600000000	200000000	200000000	96000000	192000000	192000000
139	600000000	200000000	200000000	96000000	192000000	192000000
140	900000000	300000000	300000000	144000000	288000000	288000000
141	900000000	300000000	300000000	144000000	288000000	288000000
142	900000000	300000000	300000000	144000000	288000000	288000000
143	900000000	300000000	300000000	144000000	288000000	288000000
144	900000000	300000000	300000000	144000000	288000000	288000000
145	1200000000	500000000	500000000	172800000	345600000	345600000
146	1200000000	500000000	500000000	172800000	345600000	345600000
147	1200000000	500000000	500000000	172800000	345600000	345600000
148	1200000000	500000000	500000000	172800000	345600000	345600000
149	1200000000	500000000	500000000	172800000	345600000	345600000
150	1500000000	800000000	800000000	192000000	384000000	384000000
151	1500000000	800000000	800000000	192000000	384000000	384000000
152	1500000000	800000000	800000000	192000000	384000000	384000000
153	1500000000	800000000	800000000	192000000	384000000	384000000
154	1500000000	800000000	800000000	192000000	384000000	384000000
155	1800000000	1200000000	1200000000	240000000	480000000	480000000
156	1800000000	1200000000	1200000000	240000000	480000000	480000000
157	1800000000	1200000000	1200000000	240000000	480000000	480000000
158	1800000000	1200000000	1200000000	240000000	480000000	480000000
159	1800000000	1200000000	1200000000	240000000	480000000	480000000
160	1800000000	1800000000	1800000000	336000000	672000000	672000000
161	1800000000	1800000000	1800000000	336000000	672000000	672000000
162	1800000000	1800000000	1800000000	336000000	672000000	672000000
163	1800000000	1800000000	1800000000	336000000	672000000	672000000
164	1800000000	1800000000	1800000000	336000000	672000000	672000000
165	2000000000	2000000000	2000000000	432000000	864000000	864000000
166	2000000000	2000000000	2000000000	432000000	864000000	864000000
167	2000000000	2000000000	2000000000	432000000	864000000	864000000
168	2000000000	2000000000	2000000000	432000000	864000000	864000000
169	2000000000	2000000000	2000000000	432000000	864000000	864000000
170	2000000000	2000000000	2000000000	480000000	960000000	960000000
171	2000000000	2000000000	2000000000	480000000	960000000	960000000
172	2000000000	2000000000	2000000000	480000000	960000000	960000000
173	2000000000	2000000000	2000000000	480000000	960000000	960000000
174	2000000000	2000000000	2000000000	480000000	960000000	960000000
175	2000000000	2000000000	2000000000	576000000	1152000000	1152000000
176	2000000000	2000000000	2000000000	576000000	1152000000	1152000000
177	2000000000	2000000000	2000000000	576000000	1152000000	1152000000
178	2000000000	2000000000	2000000000	576000000	1152000000	1152000000
179	2000000000	2000000000	2000000000	576000000	1152000000	1152000000
180	2000000000	2000000000	2000000000	672000000	1344000000	1344000000
181	2000000000	2000000000	2000000000	672000000	1344000000	1344000000
182	2000000000	2000000000	2000000000	672000000	1344000000	1344000000
183	2000000000	2000000000	2000000000	672000000	1344000000	1344000000
184	2000000000	2000000000	2000000000	672000000	1344000000	1344000000
185	2000000000	2000000000	2000000000	768000000	1536000000	1536000000
186	2000000000	2000000000	2000000000	768000000	1536000000	1536000000
187	2000000000	2000000000	2000000000	768000000	1536000000	1536000000
188	2000000000	2000000000	2000000000	768000000	1536000000	1536000000
189	2000000000	2000000000	2000000000	768000000	1536000000	1536000000
190	2000000000	2000000000	2000000000	864000000	1728000000	1728000000
191	2000000000	2000000000	2000000000	864000000	1728000000	1728000000
192	2000000000	2000000000	2000000000	864000000	1728000000	1728000000
193	2000000000	2000000000	2000000000	864000000	1728000000	1728000000
194	2000000000	2000000000	2000000000	864000000	1728000000	1728000000
195	2000000000	2000000000	2000000000	960000000	1920000000	1920000000
196	2000000000	2000000000	2000000000	960000000	1920000000	1920000000
197	2000000000	2000000000	2000000000	960000000	1920000000	1920000000
198	2000000000	2000000000	2000000000	960000000	1920000000	1920000000
199	2000000000	2000000000	2000000000	960000000	1920000000	1920000000
200	2000000000	2000000000	2000000000	960000000	1920000000	1920000000
