ID	DESC	COUNT	SECT1	SECT2	SECT3	SECT4
1	凤翔府	4	1, 1557, 3112	1, 1537, 3237	1, 1649, 3287	1, 1656, 3167
2	成都府	4	11, 3193, 5192	11, 3266, 5004	11, 3011, 5101	11, 3031, 4969
3	大理府	3	162, 1669, 3129	162, 1696, 3280	162, 1472, 3273
4	汴京府	4	37, 1598, 3000	37, 1866, 2930	37, 1701, 3224	37, 1636, 3191
5	襄阳府	4	78, 1592, 3377	78, 1704, 3225	78, 1508, 3147	78, 1440, 3219
6	扬州府	4	80, 1670, 2996	80, 1598, 3201	80, 1722, 3210	80, 1834, 3063
7	临安府	4	176, 1603, 2917	176, 1692, 3296	176, 1375, 3337	176, 1356, 3017
8	江津村	1	20, 3450, 6106
9	龙门镇	1	121, 1924, 4435
10	巴陵县	1	53, 1582, 3237
11	南岳镇	1	54, 1588, 3098
12	龙泉村	1	174, 1632, 3199
13	稻香村	1	101, 1621, 3104
14	永乐镇	1	99, 1606, 3165		
15	朱仙镇	1	100, 1615, 3100
16	石鼓镇	1	153, 1632, 3182
17	TKTL	2	33, 1192, 3168	33, 1576, 2608