Number	Level	Point	Skill	PhucDuyen	DanhVong	Money
0	120	5	1	50	50	100000
1	120	10	2	55	55	200000
2	120	15	3	60	60	300000
3	120	20	4	65	65	400000
4	120	25	5	70	70	500000
5	120	30	6	75	75	600000
6	120	35	7	80	80	700000
7	120	40	8	85	85	800000
8	120	45	9	90	90	900000
9	120	50	10	95	95	1000000
10	125	55	11	100	100	1100000
11	125	60	12	105	105	1200000
12	125	65	13	110	110	1300000
13	125	70	14	115	115	1400000
14	125	75	15	120	120	1500000
15	125	80	16	125	125	1600000
16	125	85	17	130	130	1700000
17	125	90	18	135	135	1800000
18	125	95	19	140	140	1900000
19	125	100	20	145	145	2000000
20	125	105	21	150	150	2100000
21	125	110	22	155	155	2200000
22	125	115	23	160	160	2300000
23	125	120	24	165	165	2400000
24	125	125	25	170	170	2500000
25	130	130	26	175	175	2600000
26	130	135	27	180	180	2700000
27	130	140	28	185	185	2800000
28	130	145	29	190	190	2900000
29	130	150	30	195	195	3000000
30	130	155	31	200	200	3100000
31	130	160	32	205	205	3200000
32	130	165	33	210	210	3300000
33	130	170	34	215	215	3400000
34	130	175	35	220	220	3500000
35	135	180	36	225	225	3600000
36	135	185	37	230	230	3700000
37	135	190	38	235	235	3800000
38	135	195	39	240	240	3900000
39	135	200	40	245	245	4000000
40	135	205	41	250	250	4100000
41	135	210	42	255	255	4200000
42	135	215	43	260	260	4300000
43	135	220	44	265	265	4400000
44	135	225	45	270	270	4500000
45	140	230	46	275	275	4600000
46	140	235	47	280	280	4700000
47	140	240	48	285	285	4800000
48	140	245	49	290	290	4900000
49	140	250	50	295	295	5000000
50	140	255	51	300	300	5100000
51	140	260	52	305	305	5200000
52	140	265	53	310	310	5300000
53	140	270	54	315	315	5400000
54	140	275	55	320	320	5500000
55	145	280	56	325	325	5600000
56	145	285	57	330	330	5700000
57	145	290	58	335	335	5800000
58	145	295	59	340	340	5900000
59	145	300	60	345	345	6000000
60	145	305	61	350	350	6100000
61	145	310	62	355	355	6200000
62	145	315	63	360	360	6300000
63	145	320	64	365	365	6400000
64	145	325	65	370	370	6500000
65	145	330	66	375	375	6600000
66	145	335	67	380	380	6700000
67	145	340	68	385	385	6800000
68	145	345	69	390	390	6900000
69	145	350	70	395	395	7000000
70	145	355	71	400	400	7100000
71	145	360	72	405	405	7200000
72	145	365	73	410	410	7300000
73	145	370	74	415	415	7400000
74	145	375	75	420	420	7500000
75	145	380	76	425	425	7600000
76	145	385	77	430	430	7700000
77	145	390	78	435	435	7800000
78	145	395	79	440	440	7900000
79	145	400	80	445	445	8000000
80	145	405	81	450	450	8100000
81	145	410	82	455	455	8200000
82	145	415	83	460	460	8300000
83	145	420	84	465	465	8400000
84	145	425	85	470	470	8500000
85	150	430	86	475	475	8600000
86	150	435	87	480	480	8700000
87	150	440	88	485	485	8800000
88	150	445	89	490	490	8900000
89	150	450	90	495	495	9000000
90	150	455	91	500	500	9100000
91	150	460	92	505	505	9200000
92	150	465	93	510	510	9300000
93	150	470	94	515	515	9400000
94	150	475	95	520	520	9500000
95	150	480	96	525	525	9600000
96	150	485	97	530	530	9700000
97	150	490	98	535	535	9800000
98	150	495	99	540	540	9900000
99	150	500	100	545	545	10000000
100	150	505	101	550	550	10100000
101	150	510	102	555	555	10200000
102	150	515	103	560	560	10300000
103	150	520	104	565	565	10400000
104	150	525	105	570	570	10500000
105	150	530	106	575	575	10600000
106	150	535	107	580	580	10700000
107	150	540	108	585	585	10800000
108	150	545	109	590	590	10900000
109	150	550	110	595	595	11000000
110	150	555	111	600	600	11100000
111	150	560	112	605	605	11200000
112	150	565	113	610	610	11300000
113	150	570	114	615	615	11400000
114	150	575	115	620	620	11500000
115	150	580	116	625	625	11600000
116	150	585	117	630	630	11700000
117	150	590	118	635	635	11800000
118	150	595	119	640	640	11900000
119	150	600	120	645	645	12000000
120	150	605	121	650	650	12100000
121	150	610	122	655	655	12200000
122	150	615	123	660	660	12300000
123	150	620	124	665	665	12400000
124	150	625	125	670	670	12500000
125	150	630	126	675	675	12600000
126	150	635	127	680	680	12700000
127	150	640	128	685	685	12800000
128	150	645	129	690	690	12900000
129	150	650	130	695	695	13000000
130	150	655	131	700	700	13100000
131	150	660	132	705	705	13200000
132	150	665	133	710	710	13300000
133	150	670	134	715	715	13400000
134	150	675	135	720	720	13500000
135	150	680	136	725	725	13600000
136	150	685	137	730	730	13700000
137	150	690	138	735	735	13800000
138	150	695	139	740	740	13900000
139	150	700	140	745	745	14000000
140	150	705	141	750	750	14100000
141	150	710	142	755	755	14200000
142	150	715	143	760	760	14300000
143	150	720	144	765	765	14400000
144	150	725	145	770	770	14500000
145	155	730	146	775	775	14600000
146	155	735	147	780	780	14700000
147	155	740	148	785	785	14800000
148	155	745	149	790	790	14900000
149	155	750	150	795	795	15000000
150	155	755	151	800	800	15100000
151	155	760	152	805	805	15200000
152	155	765	153	810	810	15300000
153	155	770	154	815	815	15400000
154	155	775	155	820	820	15500000
155	155	780	156	825	825	15600000
156	155	785	157	830	830	15700000
157	155	790	158	835	835	15800000
158	155	795	159	840	840	15900000
159	155	800	160	845	845	16000000
160	155	805	161	850	850	16100000
161	155	810	162	855	855	16200000
162	155	815	163	860	860	16300000
163	155	820	164	865	865	16400000
164	155	825	165	870	870	16500000
165	155	830	166	875	875	16600000
166	155	835	167	880	880	16700000
167	155	840	168	885	885	16800000
168	155	845	169	890	890	16900000
169	155	850	170	895	895	17000000
170	155	855	171	900	900	17100000
171	155	860	172	905	905	17200000
172	155	865	173	910	910	17300000
173	155	870	174	915	915	17400000
174	155	875	175	920	920	17500000
175	155	880	176	925	925	17600000
176	155	885	177	930	930	17700000
177	155	890	178	935	935	17800000
178	155	895	179	940	940	17900000
179	155	900	180	945	945	18000000
180	155	905	181	950	950	18100000
181	155	910	182	955	955	18200000
182	155	915	183	960	960	18300000
183	155	920	184	965	965	18400000
184	155	925	185	970	970	18500000
185	155	930	186	975	975	18600000
186	155	935	187	980	980	18700000
187	155	940	188	985	985	18800000
188	155	945	189	990	990	18900000
189	155	950	190	995	995	19000000
190	155	955	191	1000	1000	19100000
191	155	960	192	1005	1005	19200000
192	155	965	193	1010	1010	19300000
193	155	970	194	1015	1015	19400000
194	155	975	195	1020	1020	19500000
195	160	980	196	1025	1025	19600000
196	160	985	197	1030	1030	19700000
197	160	990	198	1035	1035	19800000
198	160	995	199	1040	1040	19900000
199	160	1000	200	1045	1045	20000000
200	160	1005	201	1050	1050	20100000
201	160	1010	202	1055	1055	20200000
202	160	1015	203	1060	1060	20300000
203	160	1020	204	1065	1065	20400000
204	160	1025	205	1070	1070	20500000
205	160	1030	206	1075	1075	20600000
206	160	1035	207	1080	1080	20700000
207	160	1040	208	1085	1085	20800000
208	160	1045	209	1090	1090	20900000
209	160	1050	210	1095	1095	21000000
210	160	1055	211	1100	1100	21100000
211	160	1060	212	1105	1105	21200000
212	160	1065	213	1110	1110	21300000
213	160	1070	214	1115	1115	21400000
214	160	1075	215	1120	1120	21500000
215	160	1080	216	1125	1125	21600000
216	160	1085	217	1130	1130	21700000
217	160	1090	218	1135	1135	21800000
218	160	1095	219	1140	1140	21900000
219	160	1100	220	1145	1145	22000000
220	160	1105	221	1150	1150	22100000
221	160	1110	222	1155	1155	22200000
222	160	1115	223	1160	1160	22300000
223	160	1120	224	1165	1165	22400000
224	160	1125	225	1170	1170	22500000
225	160	1130	226	1175	1175	22600000
226	160	1135	227	1180	1180	22700000
227	160	1140	228	1185	1185	22800000
228	160	1145	229	1190	1190	22900000
229	160	1150	230	1195	1195	23000000
230	160	1155	231	1200	1200	23100000
231	160	1160	232	1205	1205	23200000
232	160	1165	233	1210	1210	23300000
233	160	1170	234	1215	1215	23400000
234	160	1175	235	1220	1220	23500000
235	165	1180	236	1225	1225	23600000
236	165	1185	237	1230	1230	23700000
237	165	1190	238	1235	1235	23800000
238	165	1195	239	1240	1240	23900000
239	165	1200	240	1245	1245	24000000
240	165	1205	241	1250	1250	24100000
241	165	1210	242	1255	1255	24200000
242	165	1215	243	1260	1260	24300000
243	165	1220	244	1265	1265	24400000
244	165	1225	245	1270	1270	24500000
245	165	1230	246	1275	1275	24600000
246	165	1235	247	1280	1280	24700000
247	165	1240	248	1285	1285	24800000
248	165	1245	249	1290	1290	24900000
249	165	1250	250	1295	1295	25000000
250	165	1255	251	1300	1300	25100000
251	165	1260	252	1305	1305	25200000
252	165	1265	253	1310	1310	25300000
253	165	1270	254	1315	1315	25400000
254	165	1275	255	1320	1320	25500000
255	165	1280	256	1325	1325	25600000
256	165	1285	257	1330	1330	25700000
257	165	1290	258	1335	1335	25800000
258	165	1295	259	1340	1340	25900000
259	165	1300	260	1345	1345	26000000
260	165	1305	261	1350	1350	26100000
261	165	1310	262	1355	1355	26200000
262	165	1315	263	1360	1360	26300000
263	165	1320	264	1365	1365	26400000
264	165	1325	265	1370	1370	26500000
265	165	1330	266	1375	1375	26600000
266	165	1335	267	1380	1380	26700000
267	165	1340	268	1385	1385	26800000
268	165	1345	269	1390	1390	26900000
269	165	1350	270	1395	1395	27000000
270	165	1355	271	1400	1400	27100000
271	165	1360	272	1405	1405	27200000
272	165	1365	273	1410	1410	27300000
273	165	1370	274	1415	1415	27400000
274	165	1375	275	1420	1420	27500000
275	165	1380	276	1425	1425	27600000
276	165	1385	277	1430	1430	27700000
277	165	1390	278	1435	1435	27800000
278	165	1395	279	1440	1440	27900000
279	165	1400	280	1445	1445	28000000
280	165	1405	281	1450	1450	28100000
281	165	1410	282	1455	1455	28200000
282	165	1415	283	1460	1460	28300000
283	165	1420	284	1465	1465	28400000
284	165	1425	285	1470	1470	28500000
285	170	1430	286	1475	1475	28600000
286	170	1435	287	1480	1480	28700000
287	170	1440	288	1485	1485	28800000
288	170	1445	289	1490	1490	28900000
289	170	1450	290	1495	1495	29000000
290	170	1455	291	1500	1500	29100000
291	170	1460	292	1505	1505	29200000
292	170	1465	293	1510	1510	29300000
293	170	1470	294	1515	1515	29400000
294	170	1475	295	1520	1520	29500000
295	170	1480	296	1525	1525	29600000
296	170	1485	297	1530	1530	29700000
297	170	1490	298	1535	1535	29800000
298	170	1495	299	1540	1540	29900000
299	170	1500	300	1545	1545	30000000
300	170	1505	301	1550	1550	30100000
301	170	1510	302	1555	1555	30200000
302	170	1515	303	1560	1560	30300000
303	170	1520	304	1565	1565	30400000
304	170	1525	305	1570	1570	30500000
305	170	1530	306	1575	1575	30600000
306	170	1535	307	1580	1580	30700000
307	170	1540	308	1585	1585	30800000
308	170	1545	309	1590	1590	30900000
309	170	1550	310	1595	1595	31000000
310	170	1555	311	1600	1600	31100000
311	170	1560	312	1605	1605	31200000
312	170	1565	313	1610	1610	31300000
313	170	1570	314	1615	1615	31400000
314	170	1575	315	1620	1620	31500000
315	170	1580	316	1625	1625	31600000
316	170	1585	317	1630	1630	31700000
317	170	1590	318	1635	1635	31800000
318	170	1595	319	1640	1640	31900000
319	170	1600	320	1645	1645	32000000
320	170	1605	321	1650	1650	32100000
321	170	1610	322	1655	1655	32200000
322	170	1615	323	1660	1660	32300000
323	170	1620	324	1665	1665	32400000
324	170	1625	325	1670	1670	32500000
325	170	1630	326	1675	1675	32600000
326	170	1635	327	1680	1680	32700000
327	170	1640	328	1685	1685	32800000
328	170	1645	329	1690	1690	32900000
329	170	1650	330	1695	1695	33000000
330	170	1655	331	1700	1700	33100000
331	170	1660	332	1705	1705	33200000
332	170	1665	333	1710	1710	33300000
333	170	1670	334	1715	1715	33400000
334	170	1675	335	1720	1720	33500000
335	175	1680	336	1725	1725	33600000
336	175	1685	337	1730	1730	33700000
337	175	1690	338	1735	1735	33800000
338	175	1695	339	1740	1740	33900000
339	175	1700	340	1745	1745	34000000
340	175	1705	341	1750	1750	34100000
341	175	1710	342	1755	1755	34200000
342	175	1715	343	1760	1760	34300000
343	175	1720	344	1765	1765	34400000
344	175	1725	345	1770	1770	34500000
345	175	1730	346	1775	1775	34600000
346	175	1735	347	1780	1780	34700000
347	175	1740	348	1785	1785	34800000
348	175	1745	349	1790	1790	34900000
349	175	1750	350	1795	1795	35000000
350	175	1755	351	1800	1800	35100000
351	175	1760	352	1805	1805	35200000
352	175	1765	353	1810	1810	35300000
353	175	1770	354	1815	1815	35400000
354	175	1775	355	1820	1820	35500000
355	175	1780	356	1825	1825	35600000
356	175	1785	357	1830	1830	35700000
357	175	1790	358	1835	1835	35800000
358	175	1795	359	1840	1840	35900000
359	175	1800	360	1845	1845	36000000
360	175	1805	361	1850	1850	36100000
361	175	1810	362	1855	1855	36200000
362	175	1815	363	1860	1860	36300000
363	175	1820	364	1865	1865	36400000
364	175	1825	365	1870	1870	36500000
365	175	1830	366	1875	1875	36600000
366	175	1835	367	1880	1880	36700000
367	175	1840	368	1885	1885	36800000
368	175	1845	369	1890	1890	36900000
369	175	1850	370	1895	1895	37000000
370	175	1855	371	1900	1900	37100000
371	175	1860	372	1905	1905	37200000
372	175	1865	373	1910	1910	37300000
373	175	1870	374	1915	1915	37400000
374	175	1875	375	1920	1920	37500000
375	175	1880	376	1925	1925	37600000
376	175	1885	377	1930	1930	37700000
377	175	1890	378	1935	1935	37800000
378	175	1895	379	1940	1940	37900000
379	175	1900	380	1945	1945	38000000
380	175	1905	381	1950	1950	38100000
381	175	1910	382	1955	1955	38200000
382	175	1915	383	1960	1960	38300000
383	175	1920	384	1965	1965	38400000
384	175	1925	385	1970	1970	38500000
385	180	1930	386	1975	1975	38600000
386	180	1935	387	1980	1980	38700000
387	180	1940	388	1985	1985	38800000
388	180	1945	389	1990	1990	38900000
389	180	1950	390	1995	1995	39000000
390	180	1955	391	2000	2000	39100000
391	180	1960	392	2005	2005	39200000
392	180	1965	393	2010	2010	39300000
393	180	1970	394	2015	2015	39400000
394	180	1975	395	2020	2020	39500000
395	180	1980	396	2025	2025	39600000
396	180	1985	397	2030	2030	39700000
397	180	1990	398	2035	2035	39800000
398	180	1995	399	2040	2040	39900000
399	180	2000	400	2045	2045	40000000
400	180	2005	401	2050	2050	40100000
401	180	2010	402	2055	2055	40200000
402	180	2015	403	2060	2060	40300000
403	180	2020	404	2065	2065	40400000
404	180	2025	405	2070	2070	40500000
405	180	2030	406	2075	2075	40600000
406	180	2035	407	2080	2080	40700000
407	180	2040	408	2085	2085	40800000
408	180	2045	409	2090	2090	40900000
409	180	2050	410	2095	2095	41000000
410	180	2055	411	2100	2100	41100000
411	180	2060	412	2105	2105	41200000
412	180	2065	413	2110	2110	41300000
413	180	2070	414	2115	2115	41400000
414	180	2075	415	2120	2120	41500000
415	180	2080	416	2125	2125	41600000
416	180	2085	417	2130	2130	41700000
417	180	2090	418	2135	2135	41800000
418	180	2095	419	2140	2140	41900000
419	180	2100	420	2145	2145	42000000
420	180	2105	421	2150	2150	42100000
421	180	2110	422	2155	2155	42200000
422	180	2115	423	2160	2160	42300000
423	180	2120	424	2165	2165	42400000
424	180	2125	425	2170	2170	42500000
425	180	2130	426	2175	2175	42600000
426	180	2135	427	2180	2180	42700000
427	180	2140	428	2185	2185	42800000
428	180	2145	429	2190	2190	42900000
429	180	2150	430	2195	2195	43000000
430	180	2155	431	2200	2200	43100000
431	180	2160	432	2205	2205	43200000
432	180	2165	433	2210	2210	43300000
433	180	2170	434	2215	2215	43400000
434	180	2175	435	2220	2220	43500000
435	180	2180	436	2225	2225	43600000
436	180	2185	437	2230	2230	43700000
437	180	2190	438	2235	2235	43800000
438	180	2195	439	2240	2240	43900000
439	180	2200	440	2245	2245	44000000
440	180	2205	441	2250	2250	44100000
441	180	2210	442	2255	2255	44200000
442	180	2215	443	2260	2260	44300000
443	180	2220	444	2265	2265	44400000
444	180	2225	445	2270	2270	44500000
445	185	2230	446	2275	2275	44600000
446	185	2235	447	2280	2280	44700000
447	185	2240	448	2285	2285	44800000
448	185	2245	449	2290	2290	44900000
449	185	2250	450	2295	2295	45000000
450	185	2255	451	2300	2300	45100000
451	185	2260	452	2305	2305	45200000
452	185	2265	453	2310	2310	45300000
453	185	2270	454	2315	2315	45400000
454	185	2275	455	2320	2320	45500000
455	185	2280	456	2325	2325	45600000
456	185	2285	457	2330	2330	45700000
457	185	2290	458	2335	2335	45800000
458	185	2295	459	2340	2340	45900000
459	185	2300	460	2345	2345	46000000
460	185	2305	461	2350	2350	46100000
461	185	2310	462	2355	2355	46200000
462	185	2315	463	2360	2360	46300000
463	185	2320	464	2365	2365	46400000
464	185	2325	465	2370	2370	46500000
465	185	2330	466	2375	2375	46600000
466	185	2335	467	2380	2380	46700000
467	185	2340	468	2385	2385	46800000
468	185	2345	469	2390	2390	46900000
469	185	2350	470	2395	2395	47000000
470	185	2355	471	2400	2400	47100000
471	185	2360	472	2405	2405	47200000
472	185	2365	473	2410	2410	47300000
473	185	2370	474	2415	2415	47400000
474	185	2375	475	2420	2420	47500000
475	185	2380	476	2425	2425	47600000
476	185	2385	477	2430	2430	47700000
477	185	2390	478	2435	2435	47800000
478	185	2395	479	2440	2440	47900000
479	185	2400	480	2445	2445	48000000
480	185	2405	481	2450	2450	48100000
481	185	2410	482	2455	2455	48200000
482	185	2415	483	2460	2460	48300000
483	185	2420	484	2465	2465	48400000
484	185	2425	485	2470	2470	48500000
485	190	2430	486	2475	2475	48600000
486	190	2435	487	2480	2480	48700000
487	190	2440	488	2485	2485	48800000
488	190	2445	489	2490	2490	48900000
489	190	2450	490	2495	2495	49000000
490	190	2455	491	2500	2500	49100000
491	190	2460	492	2505	2505	49200000
492	190	2465	493	2510	2510	49300000
493	190	2470	494	2515	2515	49400000
494	190	2475	495	2520	2520	49500000
495	190	2480	496	2525	2525	49600000
496	190	2485	497	2530	2530	49700000
497	190	2490	498	2535	2535	49800000
498	190	2495	499	2540	2540	49900000
499	190	2500	500	2545	2545	50000000
500	190	2505	501	2550	2550	50100000
501	190	2510	502	2555	2555	50200000
502	190	2515	503	2560	2560	50300000
503	190	2520	504	2565	2565	50400000
504	190	2525	505	2570	2570	50500000
505	190	2530	506	2575	2575	50600000
506	190	2535	507	2580	2580	50700000
507	190	2540	508	2585	2585	50800000
508	190	2545	509	2590	2590	50900000
509	190	2550	510	2595	2595	51000000
510	190	2555	511	2600	2600	51100000
511	190	2560	512	2605	2605	51200000
512	190	2565	513	2610	2610	51300000
513	190	2570	514	2615	2615	51400000
514	190	2575	515	2620	2620	51500000
515	190	2580	516	2625	2625	51600000
516	190	2585	517	2630	2630	51700000
517	190	2590	518	2635	2635	51800000
518	190	2595	519	2640	2640	51900000
519	190	2600	520	2645	2645	52000000
520	190	2605	521	2650	2650	52100000
521	190	2610	522	2655	2655	52200000
522	190	2615	523	2660	2660	52300000
523	190	2620	524	2665	2665	52400000
524	190	2625	525	2670	2670	52500000
525	190	2630	526	2675	2675	52600000
526	190	2635	527	2680	2680	52700000
527	190	2640	528	2685	2685	52800000
528	190	2645	529	2690	2690	52900000
529	190	2650	530	2695	2695	53000000
530	190	2655	531	2700	2700	53100000
531	190	2660	532	2705	2705	53200000
532	190	2665	533	2710	2710	53300000
533	190	2670	534	2715	2715	53400000
534	190	2675	535	2720	2720	53500000
535	195	2680	536	2725	2725	53600000
536	195	2685	537	2730	2730	53700000
537	195	2690	538	2735	2735	53800000
538	195	2695	539	2740	2740	53900000
539	195	2700	540	2745	2745	54000000
540	195	2705	541	2750	2750	54100000
541	195	2710	542	2755	2755	54200000
542	195	2715	543	2760	2760	54300000
543	195	2720	544	2765	2765	54400000
544	195	2725	545	2770	2770	54500000
545	195	2730	546	2775	2775	54600000
546	195	2735	547	2780	2780	54700000
547	195	2740	548	2785	2785	54800000
548	195	2745	549	2790	2790	54900000
549	195	2750	550	2795	2795	55000000
550	195	2755	551	2800	2800	55100000
551	195	2760	552	2805	2805	55200000
552	195	2765	553	2810	2810	55300000
553	195	2770	554	2815	2815	55400000
554	195	2775	555	2820	2820	55500000
555	195	2780	556	2825	2825	55600000
556	195	2785	557	2830	2830	55700000
557	195	2790	558	2835	2835	55800000
558	195	2795	559	2840	2840	55900000
559	195	2800	560	2845	2845	56000000
560	195	2805	561	2850	2850	56100000
561	195	2810	562	2855	2855	56200000
562	195	2815	563	2860	2860	56300000
563	195	2820	564	2865	2865	56400000
564	195	2825	565	2870	2870	56500000
565	195	2830	566	2875	2875	56600000
566	195	2835	567	2880	2880	56700000
567	195	2840	568	2885	2885	56800000
568	195	2845	569	2890	2890	56900000
569	195	2850	570	2895	2895	57000000
570	195	2855	571	2900	2900	57100000
571	195	2860	572	2905	2905	57200000
572	195	2865	573	2910	2910	57300000
573	195	2870	574	2915	2915	57400000
574	195	2875	575	2920	2920	57500000
575	195	2880	576	2925	2925	57600000
576	195	2885	577	2930	2930	57700000
577	195	2890	578	2935	2935	57800000
578	195	2895	579	2940	2940	57900000
579	195	2900	580	2945	2945	58000000
580	195	2905	581	2950	2950	58100000
581	195	2910	582	2955	2955	58200000
582	195	2915	583	2960	2960	58300000
583	195	2920	584	2965	2965	58400000
584	195	2925	585	2970	2970	58500000
585	195	2930	586	2975	2975	58600000
586	195	2935	587	2980	2980	58700000
587	195	2940	588	2985	2985	58800000
588	195	2945	589	2990	2990	58900000
589	195	2950	590	2995	2995	59000000
590	195	2955	591	3000	3000	59100000
591	195	2960	592	3005	3005	59200000
592	195	2965	593	3010	3010	59300000
593	195	2970	594	3015	3015	59400000
594	195	2975	595	3020	3020	59500000
595	200	2980	596	3025	3025	59600000
596	200	2985	597	3030	3030	59700000
597	200	2990	598	3035	3035	59800000
598	200	2995	599	3040	3040	59900000
599	200	3000	600	3045	3045	60000000
600	200	3005	601	3050	3050	60100000
601	200	3010	602	3055	3055	60200000
602	200	3015	603	3060	3060	60300000
603	200	3020	604	3065	3065	60400000
604	200	3025	605	3070	3070	60500000
605	200	3030	606	3075	3075	60600000
606	200	3035	607	3080	3080	60700000
607	200	3040	608	3085	3085	60800000
608	200	3045	609	3090	3090	60900000
609	200	3050	610	3095	3095	61000000
610	200	3055	611	3100	3100	61100000
611	200	3060	612	3105	3105	61200000
612	200	3065	613	3110	3110	61300000
613	200	3070	614	3115	3115	61400000
614	200	3075	615	3120	3120	61500000
615	200	3080	616	3125	3125	61600000
616	200	3085	617	3130	3130	61700000
617	200	3090	618	3135	3135	61800000
618	200	3095	619	3140	3140	61900000
619	200	3100	620	3145	3145	62000000
620	200	3105	621	3150	3150	62100000
621	200	3110	622	3155	3155	62200000
622	200	3115	623	3160	3160	62300000
623	200	3120	624	3165	3165	62400000
624	200	3125	625	3170	3170	62500000
625	200	3130	626	3175	3175	62600000
626	200	3135	627	3180	3180	62700000
627	200	3140	628	3185	3185	62800000
628	200	3145	629	3190	3190	62900000
629	200	3150	630	3195	3195	63000000
630	200	3155	631	3200	3200	63100000
631	200	3160	632	3205	3205	63200000
632	200	3165	633	3210	3210	63300000
633	200	3170	634	3215	3215	63400000
634	200	3175	635	3220	3220	63500000
635	200	3180	636	3225	3225	63600000
636	200	3185	637	3230	3230	63700000
637	200	3190	638	3235	3235	63800000
638	200	3195	639	3240	3240	63900000
639	200	3200	640	3245	3245	64000000
640	200	3205	641	3250	3250	64100000
641	200	3210	642	3255	3255	64200000
642	200	3215	643	3260	3260	64300000
643	200	3220	644	3265	3265	64400000
644	200	3225	645	3270	3270	64500000
645	200	3230	646	3275	3275	64600000
646	200	3235	647	3280	3280	64700000
647	200	3240	648	3285	3285	64800000
648	200	3245	649	3290	3290	64900000
649	200	3250	650	3295	3295	65000000
650	200	3255	651	3300	3300	65100000
651	200	3260	652	3305	3305	65200000
652	200	3265	653	3310	3310	65300000
653	200	3270	654	3315	3315	65400000
654	200	3275	655	3320	3320	65500000
655	200	3280	656	3325	3325	65600000
656	200	3285	657	3330	3330	65700000
657	200	3290	658	3335	3335	65800000
658	200	3295	659	3340	3340	65900000
659	200	3300	660	3345	3345	66000000
660	200	3305	661	3350	3350	66100000
661	200	3310	662	3355	3355	66200000
662	200	3315	663	3360	3360	66300000
663	200	3320	664	3365	3365	66400000
664	200	3325	665	3370	3370	66500000
665	200	3330	666	3375	3375	66600000
666	200	3335	667	3380	3380	66700000
667	200	3340	668	3385	3385	66800000
668	200	3345	669	3390	3390	66900000
669	200	3350	670	3395	3395	67000000
670	200	3355	671	3400	3400	67100000
671	200	3360	672	3405	3405	67200000
672	200	3365	673	3410	3410	67300000
673	200	3370	674	3415	3415	67400000
674	200	3375	675	3420	3420	67500000
675	200	3380	676	3425	3425	67600000
676	200	3385	677	3430	3430	67700000
677	200	3390	678	3435	3435	67800000
678	200	3395	679	3440	3440	67900000
679	200	3400	680	3445	3445	68000000
680	200	3405	681	3450	3450	68100000
681	200	3410	682	3455	3455	68200000
682	200	3415	683	3460	3460	68300000
683	200	3420	684	3465	3465	68400000
684	200	3425	685	3470	3470	68500000
685	200	3430	686	3475	3475	68600000
686	200	3435	687	3480	3480	68700000
687	200	3440	688	3485	3485	68800000
688	200	3445	689	3490	3490	68900000
689	200	3450	690	3495	3495	69000000
690	200	3455	691	3500	3500	69100000
691	200	3460	692	3505	3505	69200000
692	200	3465	693	3510	3510	69300000
693	200	3470	694	3515	3515	69400000
694	200	3475	695	3520	3520	69500000
695	200	3480	696	3525	3525	69600000
696	200	3485	697	3530	3530	69700000
697	200	3490	698	3535	3535	69800000
698	200	3495	699	3540	3540	69900000
699	200	3500	700	3545	3545	70000000
700	200	3505	701	3550	3550	70100000
701	200	3510	702	3555	3555	70200000
702	200	3515	703	3560	3560	70300000
703	200	3520	704	3565	3565	70400000
704	200	3525	705	3570	3570	70500000
705	200	3530	706	3575	3575	70600000
706	200	3535	707	3580	3580	70700000
707	200	3540	708	3585	3585	70800000
708	200	3545	709	3590	3590	70900000
709	200	3550	710	3595	3595	71000000
710	200	3555	711	3600	3600	71100000
711	200	3560	712	3605	3605	71200000
712	200	3565	713	3610	3610	71300000
713	200	3570	714	3615	3615	71400000
714	200	3575	715	3620	3620	71500000
715	200	3580	716	3625	3625	71600000
716	200	3585	717	3630	3630	71700000
717	200	3590	718	3635	3635	71800000
718	200	3595	719	3640	3640	71900000
719	200	3600	720	3645	3645	72000000
720	200	3605	721	3650	3650	72100000
721	200	3610	722	3655	3655	72200000
722	200	3615	723	3660	3660	72300000
723	200	3620	724	3665	3665	72400000
724	200	3625	725	3670	3670	72500000
725	200	3630	726	3675	3675	72600000
726	200	3635	727	3680	3680	72700000
727	200	3640	728	3685	3685	72800000
728	200	3645	729	3690	3690	72900000
729	200	3650	730	3695	3695	73000000
730	200	3655	731	3700	3700	73100000
731	200	3660	732	3705	3705	73200000
732	200	3665	733	3710	3710	73300000
733	200	3670	734	3715	3715	73400000
734	200	3675	735	3720	3720	73500000
735	200	3680	736	3725	3725	73600000
736	200	3685	737	3730	3730	73700000
737	200	3690	738	3735	3735	73800000
738	200	3695	739	3740	3740	73900000
739	200	3700	740	3745	3745	74000000
740	200	3705	741	3750	3750	74100000
741	200	3710	742	3755	3755	74200000
742	200	3715	743	3760	3760	74300000
743	200	3720	744	3765	3765	74400000
744	200	3725	745	3770	3770	74500000
745	200	3730	746	3775	3775	74600000
746	200	3735	747	3780	3780	74700000
747	200	3740	748	3785	3785	74800000
748	200	3745	749	3790	3790	74900000
749	200	3750	750	3795	3795	75000000
750	200	3755	751	3800	3800	75100000
751	200	3760	752	3805	3805	75200000
752	200	3765	753	3810	3810	75300000
753	200	3770	754	3815	3815	75400000
754	200	3775	755	3820	3820	75500000
755	200	3780	756	3825	3825	75600000
756	200	3785	757	3830	3830	75700000
757	200	3790	758	3835	3835	75800000
758	200	3795	759	3840	3840	75900000
759	200	3800	760	3845	3845	76000000
760	200	3805	761	3850	3850	76100000
761	200	3810	762	3855	3855	76200000
762	200	3815	763	3860	3860	76300000
763	200	3820	764	3865	3865	76400000
764	200	3825	765	3870	3870	76500000
765	200	3830	766	3875	3875	76600000
766	200	3835	767	3880	3880	76700000
767	200	3840	768	3885	3885	76800000
768	200	3845	769	3890	3890	76900000
769	200	3850	770	3895	3895	77000000
770	200	3855	771	3900	3900	77100000
771	200	3860	772	3905	3905	77200000
772	200	3865	773	3910	3910	77300000
773	200	3870	774	3915	3915	77400000
774	200	3875	775	3920	3920	77500000
775	200	3880	776	3925	3925	77600000
776	200	3885	777	3930	3930	77700000
777	200	3890	778	3935	3935	77800000
778	200	3895	779	3940	3940	77900000
779	200	3900	780	3945	3945	78000000
780	200	3905	781	3950	3950	78100000
781	200	3910	782	3955	3955	78200000
782	200	3915	783	3960	3960	78300000
783	200	3920	784	3965	3965	78400000
784	200	3925	785	3970	3970	78500000
785	200	3930	786	3975	3975	78600000
786	200	3935	787	3980	3980	78700000
787	200	3940	788	3985	3985	78800000
788	200	3945	789	3990	3990	78900000
789	200	3950	790	3995	3995	79000000
790	200	3955	791	4000	4000	79100000
791	200	3960	792	4005	4005	79200000
792	200	3965	793	4010	4010	79300000
793	200	3970	794	4015	4015	79400000
794	200	3975	795	4020	4020	79500000
795	200	3980	796	4025	4025	79600000
796	200	3985	797	4030	4030	79700000
797	200	3990	798	4035	4035	79800000
798	200	3995	799	4040	4040	79900000
799	200	4000	800	4045	4045	80000000
800	200	4005	801	4050	4050	80100000
801	200	4010	802	4055	4055	80200000
802	200	4015	803	4060	4060	80300000
803	200	4020	804	4065	4065	80400000
804	200	4025	805	4070	4070	80500000
805	200	4030	806	4075	4075	80600000
806	200	4035	807	4080	4080	80700000
807	200	4040	808	4085	4085	80800000
808	200	4045	809	4090	4090	80900000
809	200	4050	810	4095	4095	81000000
810	200	4055	811	4100	4100	81100000
811	200	4060	812	4105	4105	81200000
812	200	4065	813	4110	4110	81300000
813	200	4070	814	4115	4115	81400000
814	200	4075	815	4120	4120	81500000
815	200	4080	816	4125	4125	81600000
816	200	4085	817	4130	4130	81700000
817	200	4090	818	4135	4135	81800000
818	200	4095	819	4140	4140	81900000
819	200	4100	820	4145	4145	82000000
820	200	4105	821	4150	4150	82100000
821	200	4110	822	4155	4155	82200000
822	200	4115	823	4160	4160	82300000
823	200	4120	824	4165	4165	82400000
824	200	4125	825	4170	4170	82500000
825	200	4130	826	4175	4175	82600000
826	200	4135	827	4180	4180	82700000
827	200	4140	828	4185	4185	82800000
828	200	4145	829	4190	4190	82900000
829	200	4150	830	4195	4195	83000000
830	200	4155	831	4200	4200	83100000
831	200	4160	832	4205	4205	83200000
832	200	4165	833	4210	4210	83300000
833	200	4170	834	4215	4215	83400000
834	200	4175	835	4220	4220	83500000
835	200	4180	836	4225	4225	83600000
836	200	4185	837	4230	4230	83700000
837	200	4190	838	4235	4235	83800000
838	200	4195	839	4240	4240	83900000
839	200	4200	840	4245	4245	84000000
840	200	4205	841	4250	4250	84100000
841	200	4210	842	4255	4255	84200000
842	200	4215	843	4260	4260	84300000
843	200	4220	844	4265	4265	84400000
844	200	4225	845	4270	4270	84500000
845	200	4230	846	4275	4275	84600000
846	200	4235	847	4280	4280	84700000
847	200	4240	848	4285	4285	84800000
848	200	4245	849	4290	4290	84900000
849	200	4250	850	4295	4295	85000000
850	200	4255	851	4300	4300	85100000
851	200	4260	852	4305	4305	85200000
852	200	4265	853	4310	4310	85300000
853	200	4270	854	4315	4315	85400000
854	200	4275	855	4320	4320	85500000
855	200	4280	856	4325	4325	85600000
856	200	4285	857	4330	4330	85700000
857	200	4290	858	4335	4335	85800000
858	200	4295	859	4340	4340	85900000
859	200	4300	860	4345	4345	86000000
860	200	4305	861	4350	4350	86100000
861	200	4310	862	4355	4355	86200000
862	200	4315	863	4360	4360	86300000
863	200	4320	864	4365	4365	86400000
864	200	4325	865	4370	4370	86500000
865	200	4330	866	4375	4375	86600000
866	200	4335	867	4380	4380	86700000
867	200	4340	868	4385	4385	86800000
868	200	4345	869	4390	4390	86900000
869	200	4350	870	4395	4395	87000000
870	200	4355	871	4400	4400	87100000
871	200	4360	872	4405	4405	87200000
872	200	4365	873	4410	4410	87300000
873	200	4370	874	4415	4415	87400000
874	200	4375	875	4420	4420	87500000
875	200	4380	876	4425	4425	87600000
876	200	4385	877	4430	4430	87700000
877	200	4390	878	4435	4435	87800000
878	200	4395	879	4440	4440	87900000
879	200	4400	880	4445	4445	88000000
880	200	4405	881	4450	4450	88100000
881	200	4410	882	4455	4455	88200000
882	200	4415	883	4460	4460	88300000
883	200	4420	884	4465	4465	88400000
884	200	4425	885	4470	4470	88500000
885	200	4430	886	4475	4475	88600000
886	200	4435	887	4480	4480	88700000
887	200	4440	888	4485	4485	88800000
888	200	4445	889	4490	4490	88900000
889	200	4450	890	4495	4495	89000000
890	200	4455	891	4500	4500	89100000
891	200	4460	892	4505	4505	89200000
892	200	4465	893	4510	4510	89300000
893	200	4470	894	4515	4515	89400000
894	200	4475	895	4520	4520	89500000
895	200	4480	896	4525	4525	89600000
896	200	4485	897	4530	4530	89700000
897	200	4490	898	4535	4535	89800000
898	200	4495	899	4540	4540	89900000
899	200	4500	900	4545	4545	90000000
900	200	4505	901	4550	4550	90100000
901	200	4510	902	4555	4555	90200000
902	200	4515	903	4560	4560	90300000
903	200	4520	904	4565	4565	90400000
904	200	4525	905	4570	4570	90500000
905	200	4530	906	4575	4575	90600000
906	200	4535	907	4580	4580	90700000
907	200	4540	908	4585	4585	90800000
908	200	4545	909	4590	4590	90900000
909	200	4550	910	4595	4595	91000000
910	200	4555	911	4600	4600	91100000
911	200	4560	912	4605	4605	91200000
912	200	4565	913	4610	4610	91300000
913	200	4570	914	4615	4615	91400000
914	200	4575	915	4620	4620	91500000
915	200	4580	916	4625	4625	91600000
916	200	4585	917	4630	4630	91700000
917	200	4590	918	4635	4635	91800000
918	200	4595	919	4640	4640	91900000
919	200	4600	920	4645	4645	92000000
920	200	4605	921	4650	4650	92100000
921	200	4610	922	4655	4655	92200000
922	200	4615	923	4660	4660	92300000
923	200	4620	924	4665	4665	92400000
924	200	4625	925	4670	4670	92500000
925	200	4630	926	4675	4675	92600000
926	200	4635	927	4680	4680	92700000
927	200	4640	928	4685	4685	92800000
928	200	4645	929	4690	4690	92900000
929	200	4650	930	4695	4695	93000000
930	200	4655	931	4700	4700	93100000
931	200	4660	932	4705	4705	93200000
932	200	4665	933	4710	4710	93300000
933	200	4670	934	4715	4715	93400000
934	200	4675	935	4720	4720	93500000
935	200	4680	936	4725	4725	93600000
936	200	4685	937	4730	4730	93700000
937	200	4690	938	4735	4735	93800000
938	200	4695	939	4740	4740	93900000
939	200	4700	940	4745	4745	94000000
940	200	4705	941	4750	4750	94100000
941	200	4710	942	4755	4755	94200000
942	200	4715	943	4760	4760	94300000
943	200	4720	944	4765	4765	94400000
944	200	4725	945	4770	4770	94500000
945	200	4730	946	4775	4775	94600000
946	200	4735	947	4780	4780	94700000
947	200	4740	948	4785	4785	94800000
948	200	4745	949	4790	4790	94900000
949	200	4750	950	4795	4795	95000000
950	200	4755	951	4800	4800	95100000
951	200	4760	952	4805	4805	95200000
952	200	4765	953	4810	4810	95300000
953	200	4770	954	4815	4815	95400000
954	200	4775	955	4820	4820	95500000
955	200	4780	956	4825	4825	95600000
956	200	4785	957	4830	4830	95700000
957	200	4790	958	4835	4835	95800000
958	200	4795	959	4840	4840	95900000
959	200	4800	960	4845	4845	96000000
960	200	4805	961	4850	4850	96100000
961	200	4810	962	4855	4855	96200000
962	200	4815	963	4860	4860	96300000
963	200	4820	964	4865	4865	96400000
964	200	4825	965	4870	4870	96500000
965	200	4830	966	4875	4875	96600000
966	200	4835	967	4880	4880	96700000
967	200	4840	968	4885	4885	96800000
968	200	4845	969	4890	4890	96900000
969	200	4850	970	4895	4895	97000000
970	200	4855	971	4900	4900	97100000
971	200	4860	972	4905	4905	97200000
972	200	4865	973	4910	4910	97300000
973	200	4870	974	4915	4915	97400000
974	200	4875	975	4920	4920	97500000
975	200	4880	976	4925	4925	97600000
976	200	4885	977	4930	4930	97700000
977	200	4890	978	4935	4935	97800000
978	200	4895	979	4940	4940	97900000
979	200	4900	980	4945	4945	98000000
980	200	4905	981	4950	4950	98100000
981	200	4910	982	4955	4955	98200000
982	200	4915	983	4960	4960	98300000
983	200	4920	984	4965	4965	98400000
984	200	4925	985	4970	4970	98500000
985	200	4930	986	4975	4975	98600000
986	200	4935	987	4980	4980	98700000
987	200	4940	988	4985	4985	98800000
988	200	4945	989	4990	4990	98900000
989	200	4950	990	4995	4995	99000000
990	200	4955	991	5000	5000	99100000
991	200	4960	992	5000	5000	99200000
992	200	4965	993	5000	5000	99300000
993	200	4970	994	5000	5000	99400000
994	200	4975	995	5000	5000	99500000
995	200	4980	996	5000	5000	99600000
996	200	4985	997	5000	5000	99700000
997	200	4990	998	5000	5000	99800000
998	200	4995	999	5000	5000	99900000
999	200	5000	1000	5000	5000	100000000
1000	200	5000	1000	5000	5000	100000000
